0.163595
0.159573
0.158579
0.159574
0.158574
0.159574
0.175532
0.158577
0.158576
0.159574
0.159575
0.158577
0.160571
0.160571
0.159584
0.158567
0.166524
0.160603
0.172539
0.159574
0.204424
0.207477
0.159574
0.159574
0.161574
0.158575
0.158574
0.160574
0.218384
0.184538
0.159574
0.158577
0.158577
0.159576
0.159571
0.158579
0.158573
0.162568
0.158576
0.158577
0.159573
0.159574
0.158579
0.160571
0.158577
0.158575
0.159573
0.158580
0.158574
0.160571
0.158581
0.159570
0.160572
0.158576
0.159574
0.160572
0.159574
0.160571
0.159575
0.159574
0.160568
0.160575
0.159575
0.159573
0.160571
0.161569
0.160572
0.159574
0.162566
0.159574
0.160572
0.159542
0.160571
0.159574
0.162598
0.160571
0.160574
0.163561
0.161569
0.161568
0.161570
0.160570
